[1]
[6]
[15]
[26]
[38]
[55]
[69]
[1, 6]
[1, 15]
[1, 26]
[1, 38]
[1, 55]
[1, 69]
[6, 15]
[6, 26]
[6, 38]
[6, 55]
[6, 69]
[15, 26]
[15, 38]
[15, 55]
[15, 69]
[26, 38]
[26, 55]
[26, 69]
[38, 55]
[38, 69]
[55, 69]
[1, 6, 15]
[1, 6, 26]
[1, 6, 38]
[1, 6, 55]
[1, 6, 69]
[1, 15, 26]
[1, 15, 38]
[1, 15, 55]
[1, 15, 69]
[1, 26, 38]
[1, 26, 55]
[1, 26, 69]
[1, 38, 55]
[1, 38, 69]
[1, 55, 69]
[6, 15, 26]
[6, 15, 38]
[6, 15, 55]
[6, 15, 69]
[6, 26, 38]
[6, 26, 55]
[6, 26, 69]
[6, 38, 55]
[6, 38, 69]
[6, 55, 69]
[15, 26, 38]
[15, 26, 55]
[15, 26, 69]
[15, 38, 55]
[15, 38, 69]
[15, 55, 69]
[26, 38, 55]
[26, 38, 69]
[26, 55, 69]
[38, 55, 69]
[1, 6, 15, 26]
[1, 6, 15, 38]
[1, 6, 15, 55]
[1, 6, 15, 69]
[1, 6, 26, 38]
[1, 6, 26, 55]
[1, 6, 26, 69]
[1, 6, 38, 55]
[1, 6, 38, 69]
[1, 6, 55, 69]
[1, 15, 26, 38]
[1, 15, 26, 55]
[1, 15, 26, 69]
[1, 15, 38, 55]
[1, 15, 38, 69]
[1, 15, 55, 69]
[1, 26, 38, 55]
[1, 26, 38, 69]
[1, 26, 55, 69]
[1, 38, 55, 69]
[6, 15, 26, 38]
[6, 15, 26, 55]
[6, 15, 26, 69]
[6, 15, 38, 55]
[6, 15, 38, 69]
[6, 15, 55, 69]
[6, 26, 38, 55]
[6, 26, 38, 69]
[6, 26, 55, 69]
[6, 38, 55, 69]
[15, 26, 38, 55]
[15, 26, 38, 69]
[15, 26, 55, 69]
[15, 38, 55, 69]
[26, 38, 55, 69]
[1, 6, 15, 26, 38]
[1, 6, 15, 26, 55]
[1, 6, 15, 26, 69]
[1, 6, 15, 38, 55]
[1, 6, 15, 38, 69]
[1, 6, 15, 55, 69]
[1, 6, 26, 38, 55]
[1, 6, 26, 38, 69]
[1, 6, 26, 55, 69]
[1, 6, 38, 55, 69]
[1, 15, 26, 38, 55]
[1, 15, 26, 38, 69]
[1, 15, 26, 55, 69]
[1, 15, 38, 55, 69]
[1, 26, 38, 55, 69]
[6, 15, 26, 38, 55]
[6, 15, 26, 38, 69]
[6, 15, 26, 55, 69]
[6, 15, 38, 55, 69]
[6, 26, 38, 55, 69]
[15, 26, 38, 55, 69]
